{"nbformat":4,"nbformat_minor":0,"metadata":{"colab":{"name":"3.Exploratory_Data_Analysis.ipynb","version":"0.3.2","views":{},"default_view":{},"provenance":[],"collapsed_sections":["kzaynZqV_iZj"]},"kernelspec":{"display_name":"Python 3","language":"python","name":"python3"}},"cells":[{"metadata":{"id":"XN2ZfOCo_iUk","colab_type":"text"},"cell_type":"markdown","source":[" <a href=\"https://www.bigdatauniversity.com\"><img src = \"https://ibm.box.com/shared/static/ugcqz6ohbvff804xp84y4kqnvvk3bq1g.png\" width = 300, align = \"center\"></a>\n","\n","<h1 align=center><font size = 5>Data Analysis with Python</font></h1>"]},{"metadata":{"id":"rixKaXjS_iUq","colab_type":"text"},"cell_type":"markdown","source":["# Module 3: Exploratory Data Analysis"]},{"metadata":{"id":"lIeOkotC_iUs","colab_type":"text"},"cell_type":"markdown","source":["### Welcome!\n","In this section, we will explore several methods to see if certain characteristics or features can be used to predict price. "]},{"metadata":{"id":"jCEg2gO0_iUu","colab_type":"text"},"cell_type":"markdown","source":["### What are the main characteristics which have the most impact on the car price?"]},{"metadata":{"id":"pWRsTr4E_iUv","colab_type":"text"},"cell_type":"markdown","source":["## 1. Import Data from Module 2"]},{"metadata":{"id":"8aisrHRb_iUy","colab_type":"text"},"cell_type":"markdown","source":["#### Setup"]},{"metadata":{"id":"Ef3ocYIa_iU0","colab_type":"text"},"cell_type":"markdown","source":[" Import libraries "]},{"metadata":{"id":"u5NeaTYF_iU2","colab_type":"code","colab":{"autoexec":{"startup":false,"wait_interval":0},"base_uri":"https://localhost:8080/","height":37},"outputId":"b53c163e-f41a-4832-977e-33a46514c58c","executionInfo":{"status":"ok","timestamp":1530535497489,"user_tz":-330,"elapsed":1319,"user":{"displayName":"SHUBHAM KALE","photoUrl":"//lh3.googleusercontent.com/-tupah6Cj__4/AAAAAAAAAAI/AAAAAAAAAMc/8_2ZrHlnHUU/s50-c-k-no/photo.jpg","userId":"113254355544652088502"}}},"cell_type":"code","source":["import pandas as pd\n","import numpy as np"],"execution_count":1,"outputs":[]},{"metadata":{"id":"vUEoyq9n_iU_","colab_type":"text"},"cell_type":"markdown","source":[" load data and store in dataframe df:"]},{"metadata":{"id":"q6_RnM0X_iVA","colab_type":"code","colab":{"autoexec":{"startup":false,"wait_interval":0},"base_uri":"https://localhost:8080/","height":334},"outputId":"44fe9030-344b-41fd-c97e-ef4b8a0a9b39","executionInfo":{"status":"ok","timestamp":1530535514790,"user_tz":-330,"elapsed":2735,"user":{"displayName":"SHUBHAM KALE","photoUrl":"//lh3.googleusercontent.com/-tupah6Cj__4/AAAAAAAAAAI/AAAAAAAAAMc/8_2ZrHlnHUU/s50-c-k-no/photo.jpg","userId":"113254355544652088502"}}},"cell_type":"code","source":["path='https://ibm.box.com/shared/static/q6iiqb1pd7wo8r3q28jvgsrprzezjqk3.csv'\n","\n","df = pd.read_csv(path)\n","df.head()"],"execution_count":2,"outputs":[{"output_type":"execute_result","data":{"text/html":["<div>\n","<style scoped>\n","    .dataframe tbody tr th:only-of-type {\n","        vertical-align: middle;\n","    }\n","\n","    .dataframe tbody tr th {\n","        vertical-align: top;\n","    }\n","\n","    .dataframe thead th {\n","        text-align: right;\n","    }\n","</style>\n","<table border=\"1\" class=\"dataframe\">\n","  <thead>\n","    <tr style=\"text-align: right;\">\n","      <th></th>\n","      <th>Unnamed: 0</th>\n","      <th>symboling</th>\n","      <th>normalized-losses</th>\n","      <th>make</th>\n","      <th>aspiration</th>\n","      <th>num-of-doors</th>\n","      <th>body-style</th>\n","      <th>drive-wheels</th>\n","      <th>engine-location</th>\n","      <th>wheel-base</th>\n","      <th>...</th>\n","      <th>compression-ratio</th>\n","      <th>horsepower</th>\n","      <th>peak-rpm</th>\n","      <th>city-mpg</th>\n","      <th>highway-mpg</th>\n","      <th>price</th>\n","      <th>city-L/100km</th>\n","      <th>horsepower-binned</th>\n","      <th>diesel</th>\n","      <th>gas</th>\n","    </tr>\n","  </thead>\n","  <tbody>\n","    <tr>\n","      <th>0</th>\n","      <td>0</td>\n","      <td>3</td>\n","      <td>122</td>\n","      <td>alfa-romero</td>\n","      <td>std</td>\n","      <td>two</td>\n","      <td>convertible</td>\n","      <td>rwd</td>\n","      <td>front</td>\n","      <td>88.6</td>\n","      <td>...</td>\n","      <td>9.0</td>\n","      <td>111.0</td>\n","      <td>5000.0</td>\n","      <td>21</td>\n","      <td>27</td>\n","      <td>13495.0</td>\n","      <td>11.190476</td>\n","      <td>Medium</td>\n","      <td>0</td>\n","      <td>1</td>\n","    </tr>\n","    <tr>\n","      <th>1</th>\n","      <td>1</td>\n","      <td>3</td>\n","      <td>122</td>\n","      <td>alfa-romero</td>\n","      <td>std</td>\n","      <td>two</td>\n","      <td>convertible</td>\n","      <td>rwd</td>\n","      <td>front</td>\n","      <td>88.6</td>\n","      <td>...</td>\n","      <td>9.0</td>\n","      <td>111.0</td>\n","      <td>5000.0</td>\n","      <td>21</td>\n","      <td>27</td>\n","      <td>16500.0</td>\n","      <td>11.190476</td>\n","      <td>Medium</td>\n","      <td>0</td>\n","      <td>1</td>\n","    </tr>\n","    <tr>\n","      <th>2</th>\n","      <td>2</td>\n","      <td>1</td>\n","      <td>122</td>\n","      <td>alfa-romero</td>\n","      <td>std</td>\n","      <td>two</td>\n","      <td>hatchback</td>\n","      <td>rwd</td>\n","      <td>front</td>\n","      <td>94.5</td>\n","      <td>...</td>\n","      <td>9.0</td>\n","      <td>154.0</td>\n","      <td>5000.0</td>\n","      <td>19</td>\n","      <td>26</td>\n","      <td>16500.0</td>\n","      <td>12.368421</td>\n","      <td>Medium</td>\n","      <td>0</td>\n","      <td>1</td>\n","    </tr>\n","    <tr>\n","      <th>3</th>\n","      <td>3</td>\n","      <td>2</td>\n","      <td>164</td>\n","      <td>audi</td>\n","      <td>std</td>\n","      <td>four</td>\n","      <td>sedan</td>\n","      <td>fwd</td>\n","      <td>front</td>\n","      <td>99.8</td>\n","      <td>...</td>\n","      <td>10.0</td>\n","      <td>102.0</td>\n","      <td>5500.0</td>\n","      <td>24</td>\n","      <td>30</td>\n","      <td>13950.0</td>\n","      <td>9.791667</td>\n","      <td>Medium</td>\n","      <td>0</td>\n","      <td>1</td>\n","    </tr>\n","    <tr>\n","      <th>4</th>\n","      <td>4</td>\n","      <td>2</td>\n","      <td>164</td>\n","      <td>audi</td>\n","      <td>std</td>\n","      <td>four</td>\n","      <td>sedan</td>\n","      <td>4wd</td>\n","      <td>front</td>\n","      <td>99.4</td>\n","      <td>...</td>\n","      <td>8.0</td>\n","      <td>115.0</td>\n","      <td>5500.0</td>\n","      <td>18</td>\n","      <td>22</td>\n","      <td>17450.0</td>\n","      <td>13.055556</td>\n","      <td>Medium</td>\n","      <td>0</td>\n","      <td>1</td>\n","    </tr>\n","  </tbody>\n","</table>\n","<p>5 rows × 30 columns</p>\n","</div>"],"text/plain":["   Unnamed: 0  symboling  normalized-losses         make aspiration  \\\n","0           0          3                122  alfa-romero        std   \n","1           1          3                122  alfa-romero        std   \n","2           2          1                122  alfa-romero        std   \n","3           3          2                164         audi        std   \n","4           4          2                164         audi        std   \n","\n","  num-of-doors   body-style drive-wheels engine-location  wheel-base ...   \\\n","0          two  convertible          rwd           front        88.6 ...    \n","1          two  convertible          rwd           front        88.6 ...    \n","2          two    hatchback          rwd           front        94.5 ...    \n","3         four        sedan          fwd           front        99.8 ...    \n","4         four        sedan          4wd           front        99.4 ...    \n","\n","   compression-ratio  horsepower  peak-rpm  city-mpg highway-mpg    price  \\\n","0                9.0       111.0    5000.0        21          27  13495.0   \n","1                9.0       111.0    5000.0        21          27  16500.0   \n","2                9.0       154.0    5000.0        19          26  16500.0   \n","3               10.0       102.0    5500.0        24          30  13950.0   \n","4                8.0       115.0    5500.0        18          22  17450.0   \n","\n","   city-L/100km horsepower-binned  diesel  gas  \n","0     11.190476            Medium       0    1  \n","1     11.190476            Medium       0    1  \n","2     12.368421            Medium       0    1  \n","3      9.791667            Medium       0    1  \n","4     13.055556            Medium       0    1  \n","\n","[5 rows x 30 columns]"]},"metadata":{"tags":[]},"execution_count":2}]},{"metadata":{"id":"9A6eGw-J_iVF","colab_type":"text"},"cell_type":"markdown","source":["## 2. Analyzing Individual Feature Patterns using Visualization"]},{"metadata":{"id":"Vd-mi3Em_iVH","colab_type":"text"},"cell_type":"markdown","source":[" Import visualization packages \"Matplotlib\" and \"Seaborn\", don't forget about \"%matplotlib inline\" to plot in a Jupyter notebook."]},{"metadata":{"id":"Scz-I0u3_iVJ","colab_type":"code","colab":{"autoexec":{"startup":false,"wait_interval":0},"base_uri":"https://localhost:8080/","height":37},"outputId":"3e49368e-422c-4c6d-bf21-38f3d49087f7","executionInfo":{"status":"ok","timestamp":1530535538548,"user_tz":-330,"elapsed":1286,"user":{"displayName":"SHUBHAM KALE","photoUrl":"//lh3.googleusercontent.com/-tupah6Cj__4/AAAAAAAAAAI/AAAAAAAAAMc/8_2ZrHlnHUU/s50-c-k-no/photo.jpg","userId":"113254355544652088502"}}},"cell_type":"code","source":["\n","import matplotlib.pyplot as plt\n","import seaborn as sns\n","%matplotlib inline "],"execution_count":3,"outputs":[]},{"metadata":{"id":"Z0CCVO1-_iVP","colab_type":"text"},"cell_type":"markdown","source":["### How to choose the right visualization method ?\n","When visualizing individual variables, it is important to first understand what type of variable you are dealing with. This will help us find the right visualisation method for that variable.\n"]},{"metadata":{"id":"BjNXLDB7_iVR","colab_type":"code","colab":{"autoexec":{"startup":false,"wait_interval":0},"base_uri":"https://localhost:8080/","height":581},"outputId":"c77cfa91-3ca8-4620-c63e-551c0e857a63","executionInfo":{"status":"ok","timestamp":1530535629148,"user_tz":-330,"elapsed":1064,"user":{"displayName":"SHUBHAM KALE","photoUrl":"//lh3.googleusercontent.com/-tupah6Cj__4/AAAAAAAAAAI/AAAAAAAAAMc/8_2ZrHlnHUU/s50-c-k-no/photo.jpg","userId":"113254355544652088502"}}},"cell_type":"code","source":["# list the data types for each column\n","df.dtypes"],"execution_count":4,"outputs":[{"output_type":"execute_result","data":{"text/plain":["Unnamed: 0             int64\n","symboling              int64\n","normalized-losses      int64\n","make                  object\n","aspiration            object\n","num-of-doors          object\n","body-style            object\n","drive-wheels          object\n","engine-location       object\n","wheel-base           float64\n","length               float64\n","width                float64\n","height               float64\n","curb-weight            int64\n","engine-type           object\n","num-of-cylinders      object\n","engine-size            int64\n","fuel-system           object\n","bore                 float64\n","stroke               float64\n","compression-ratio    float64\n","horsepower           float64\n","peak-rpm             float64\n","city-mpg               int64\n","highway-mpg            int64\n","price                float64\n","city-L/100km         float64\n","horsepower-binned     object\n","diesel                 int64\n","gas                    int64\n","dtype: object"]},"metadata":{"tags":[]},"execution_count":4}]},{"metadata":{"id":"FX44RS4M_iVd","colab_type":"code","colab":{"autoexec":{"startup":false,"wait_interval":0},"base_uri":"https://localhost:8080/","height":720},"outputId":"b9ef76d5-f6fc-47a0-b630-604e940108c1","executionInfo":{"status":"ok","timestamp":1530535671850,"user_tz":-330,"elapsed":1348,"user":{"displayName":"SHUBHAM KALE","photoUrl":"//lh3.googleusercontent.com/-tupah6Cj__4/AAAAAAAAAAI/AAAAAAAAAMc/8_2ZrHlnHUU/s50-c-k-no/photo.jpg","userId":"113254355544652088502"}}},"cell_type":"code","source":["df.corr()"],"execution_count":5,"outputs":[{"output_type":"execute_result","data":{"text/html":["<div>\n","<style scoped>\n","    .dataframe tbody tr th:only-of-type {\n","        vertical-align: middle;\n","    }\n","\n","    .dataframe tbody tr th {\n","        vertical-align: top;\n","    }\n","\n","    .dataframe thead th {\n","        text-align: right;\n","    }\n","</style>\n","<table border=\"1\" class=\"dataframe\">\n","  <thead>\n","    <tr style=\"text-align: right;\">\n","      <th></th>\n","      <th>Unnamed: 0</th>\n","      <th>symboling</th>\n","      <th>normalized-losses</th>\n","      <th>wheel-base</th>\n","      <th>length</th>\n","      <th>width</th>\n","      <th>height</th>\n","      <th>curb-weight</th>\n","      <th>engine-size</th>\n","      <th>bore</th>\n","      <th>stroke</th>\n","      <th>compression-ratio</th>\n","      <th>horsepower</th>\n","      <th>peak-rpm</th>\n","      <th>city-mpg</th>\n","      <th>highway-mpg</th>\n","      <th>price</th>\n","      <th>city-L/100km</th>\n","      <th>diesel</th>\n","      <th>gas</th>\n","    </tr>\n","  </thead>\n","  <tbody>\n","    <tr>\n","      <th>Unnamed: 0</th>\n","      <td>1.000000</td>\n","      <td>-0.162764</td>\n","      <td>-0.241092</td>\n","      <td>0.125517</td>\n","      <td>0.161848</td>\n","      <td>0.043976</td>\n","      <td>0.252015</td>\n","      <td>0.064820</td>\n","      <td>-0.047764</td>\n","      <td>0.244734</td>\n","      <td>-0.163636</td>\n","      <td>0.144301</td>\n","      <td>-0.022474</td>\n","      <td>-0.195662</td>\n","      <td>0.027956</td>\n","      <td>0.020344</td>\n","      <td>-0.118214</td>\n","      <td>-0.099157</td>\n","      <td>0.121454</td>\n","      <td>-0.121454</td>\n","    </tr>\n","    <tr>\n","      <th>symboling</th>\n","      <td>-0.162764</td>\n","      <td>1.000000</td>\n","      <td>0.466264</td>\n","      <td>-0.535987</td>\n","      <td>-0.365404</td>\n","      <td>-0.242423</td>\n","      <td>-0.550160</td>\n","      <td>-0.233118</td>\n","      <td>-0.110581</td>\n","      <td>-0.140019</td>\n","      <td>-0.008245</td>\n","      <td>-0.182196</td>\n","      <td>0.075819</td>\n","      <td>0.279740</td>\n","      <td>-0.035527</td>\n","      <td>0.036233</td>\n","      <td>-0.082391</td>\n","      <td>0.066171</td>\n","      <td>-0.196735</td>\n","      <td>0.196735</td>\n","    </tr>\n","    <tr>\n","      <th>normalized-losses</th>\n","      <td>-0.241092</td>\n","      <td>0.466264</td>\n","      <td>1.000000</td>\n","      <td>-0.056661</td>\n","      <td>0.019424</td>\n","      <td>0.086802</td>\n","      <td>-0.373737</td>\n","      <td>0.099404</td>\n","      <td>0.112360</td>\n","      <td>-0.029862</td>\n","      <td>0.055563</td>\n","      <td>-0.114713</td>\n","      <td>0.217299</td>\n","      <td>0.239543</td>\n","      <td>-0.225016</td>\n","      <td>-0.181877</td>\n","      <td>0.133999</td>\n","      <td>0.238567</td>\n","      <td>-0.101546</td>\n","      <td>0.101546</td>\n","    </tr>\n","    <tr>\n","      <th>wheel-base</th>\n","      <td>0.125517</td>\n","      <td>-0.535987</td>\n","      <td>-0.056661</td>\n","      <td>1.000000</td>\n","      <td>0.876024</td>\n","      <td>0.814507</td>\n","      <td>0.590742</td>\n","      <td>0.782097</td>\n","      <td>0.572027</td>\n","      <td>0.493244</td>\n","      <td>0.158502</td>\n","      <td>0.250313</td>\n","      <td>0.371147</td>\n","      <td>-0.360305</td>\n","      <td>-0.470606</td>\n","      <td>-0.543304</td>\n","      <td>0.584642</td>\n","      <td>0.476153</td>\n","      <td>0.307237</td>\n","      <td>-0.307237</td>\n","    </tr>\n","    <tr>\n","      <th>length</th>\n","      <td>0.161848</td>\n","      <td>-0.365404</td>\n","      <td>0.019424</td>\n","      <td>0.876024</td>\n","      <td>1.000000</td>\n","      <td>0.857170</td>\n","      <td>0.492063</td>\n","      <td>0.880665</td>\n","      <td>0.685025</td>\n","      <td>0.608971</td>\n","      <td>0.124139</td>\n","      <td>0.159733</td>\n","      <td>0.579821</td>\n","      <td>-0.285970</td>\n","      <td>-0.665192</td>\n","      <td>-0.698142</td>\n","      <td>0.690628</td>\n","      <td>0.657373</td>\n","      <td>0.211187</td>\n","      <td>-0.211187</td>\n","    </tr>\n","    <tr>\n","      <th>width</th>\n","      <td>0.043976</td>\n","      <td>-0.242423</td>\n","      <td>0.086802</td>\n","      <td>0.814507</td>\n","      <td>0.857170</td>\n","      <td>1.000000</td>\n","      <td>0.306002</td>\n","      <td>0.866201</td>\n","      <td>0.729436</td>\n","      <td>0.544885</td>\n","      <td>0.188829</td>\n","      <td>0.189867</td>\n","      <td>0.615077</td>\n","      <td>-0.245800</td>\n","      <td>-0.633531</td>\n","      <td>-0.680635</td>\n","      <td>0.751265</td>\n","      <td>0.673363</td>\n","      <td>0.244356</td>\n","      <td>-0.244356</td>\n","    </tr>\n","    <tr>\n","      <th>height</th>\n","      <td>0.252015</td>\n","      <td>-0.550160</td>\n","      <td>-0.373737</td>\n","      <td>0.590742</td>\n","      <td>0.492063</td>\n","      <td>0.306002</td>\n","      <td>1.000000</td>\n","      <td>0.307581</td>\n","      <td>0.074694</td>\n","      <td>0.180449</td>\n","      <td>-0.062704</td>\n","      <td>0.259737</td>\n","      <td>-0.087027</td>\n","      <td>-0.309974</td>\n","      <td>-0.049800</td>\n","      <td>-0.104812</td>\n","      <td>0.135486</td>\n","      <td>0.003811</td>\n","      <td>0.281578</td>\n","      <td>-0.281578</td>\n","    </tr>\n","    <tr>\n","      <th>curb-weight</th>\n","      <td>0.064820</td>\n","      <td>-0.233118</td>\n","      <td>0.099404</td>\n","      <td>0.782097</td>\n","      <td>0.880665</td>\n","      <td>0.866201</td>\n","      <td>0.307581</td>\n","      <td>1.000000</td>\n","      <td>0.849072</td>\n","      <td>0.644060</td>\n","      <td>0.167562</td>\n","      <td>0.156433</td>\n","      <td>0.757976</td>\n","      <td>-0.279361</td>\n","      <td>-0.749543</td>\n","      <td>-0.794889</td>\n","      <td>0.834415</td>\n","      <td>0.785353</td>\n","      <td>0.221046</td>\n","      <td>-0.221046</td>\n","    </tr>\n","    <tr>\n","      <th>engine-size</th>\n","      <td>-0.047764</td>\n","      <td>-0.110581</td>\n","      <td>0.112360</td>\n","      <td>0.572027</td>\n","      <td>0.685025</td>\n","      <td>0.729436</td>\n","      <td>0.074694</td>\n","      <td>0.849072</td>\n","      <td>1.000000</td>\n","      <td>0.572609</td>\n","      <td>0.209523</td>\n","      <td>0.028889</td>\n","      <td>0.822676</td>\n","      <td>-0.256733</td>\n","      <td>-0.650546</td>\n","      <td>-0.679571</td>\n","      <td>0.872335</td>\n","      <td>0.745059</td>\n","      <td>0.070779</td>\n","      <td>-0.070779</td>\n","    </tr>\n","    <tr>\n","      <th>bore</th>\n","      <td>0.244734</td>\n","      <td>-0.140019</td>\n","      <td>-0.029862</td>\n","      <td>0.493244</td>\n","      <td>0.608971</td>\n","      <td>0.544885</td>\n","      <td>0.180449</td>\n","      <td>0.644060</td>\n","      <td>0.572609</td>\n","      <td>1.000000</td>\n","      <td>-0.055390</td>\n","      <td>0.001263</td>\n","      <td>0.566936</td>\n","      <td>-0.267392</td>\n","      <td>-0.582027</td>\n","      <td>-0.591309</td>\n","      <td>0.543155</td>\n","      <td>0.554610</td>\n","      <td>0.054458</td>\n","      <td>-0.054458</td>\n","    </tr>\n","    <tr>\n","      <th>stroke</th>\n","      <td>-0.163636</td>\n","      <td>-0.008245</td>\n","      <td>0.055563</td>\n","      <td>0.158502</td>\n","      <td>0.124139</td>\n","      <td>0.188829</td>\n","      <td>-0.062704</td>\n","      <td>0.167562</td>\n","      <td>0.209523</td>\n","      <td>-0.055390</td>\n","      <td>1.000000</td>\n","      <td>0.187923</td>\n","      <td>0.098462</td>\n","      <td>-0.065713</td>\n","      <td>-0.034696</td>\n","      <td>-0.035201</td>\n","      <td>0.082310</td>\n","      <td>0.037300</td>\n","      <td>0.241303</td>\n","      <td>-0.241303</td>\n","    </tr>\n","    <tr>\n","      <th>compression-ratio</th>\n","      <td>0.144301</td>\n","      <td>-0.182196</td>\n","      <td>-0.114713</td>\n","      <td>0.250313</td>\n","      <td>0.159733</td>\n","      <td>0.189867</td>\n","      <td>0.259737</td>\n","      <td>0.156433</td>\n","      <td>0.028889</td>\n","      <td>0.001263</td>\n","      <td>0.187923</td>\n","      <td>1.000000</td>\n","      <td>-0.214514</td>\n","      <td>-0.435780</td>\n","      <td>0.331425</td>\n","      <td>0.268465</td>\n","      <td>0.071107</td>\n","      <td>-0.299372</td>\n","      <td>0.985231</td>\n","      <td>-0.985231</td>\n","    </tr>\n","    <tr>\n","      <th>horsepower</th>\n","      <td>-0.022474</td>\n","      <td>0.075819</td>\n","      <td>0.217299</td>\n","      <td>0.371147</td>\n","      <td>0.579821</td>\n","      <td>0.615077</td>\n","      <td>-0.087027</td>\n","      <td>0.757976</td>\n","      <td>0.822676</td>\n","      <td>0.566936</td>\n","      <td>0.098462</td>\n","      <td>-0.214514</td>\n","      <td>1.000000</td>\n","      <td>0.107885</td>\n","      <td>-0.822214</td>\n","      <td>-0.804575</td>\n","      <td>0.809575</td>\n","      <td>0.889488</td>\n","      <td>-0.169053</td>\n","      <td>0.169053</td>\n","    </tr>\n","    <tr>\n","      <th>peak-rpm</th>\n","      <td>-0.195662</td>\n","      <td>0.279740</td>\n","      <td>0.239543</td>\n","      <td>-0.360305</td>\n","      <td>-0.285970</td>\n","      <td>-0.245800</td>\n","      <td>-0.309974</td>\n","      <td>-0.279361</td>\n","      <td>-0.256733</td>\n","      <td>-0.267392</td>\n","      <td>-0.065713</td>\n","      <td>-0.435780</td>\n","      <td>0.107885</td>\n","      <td>1.000000</td>\n","      <td>-0.115413</td>\n","      <td>-0.058598</td>\n","      <td>-0.101616</td>\n","      <td>0.115830</td>\n","      <td>-0.475812</td>\n","      <td>0.475812</td>\n","    </tr>\n","    <tr>\n","      <th>city-mpg</th>\n","      <td>0.027956</td>\n","      <td>-0.035527</td>\n","      <td>-0.225016</td>\n","      <td>-0.470606</td>\n","      <td>-0.665192</td>\n","      <td>-0.633531</td>\n","      <td>-0.049800</td>\n","      <td>-0.749543</td>\n","      <td>-0.650546</td>\n","      <td>-0.582027</td>\n","      <td>-0.034696</td>\n","      <td>0.331425</td>\n","      <td>-0.822214</td>\n","      <td>-0.115413</td>\n","      <td>1.000000</td>\n","      <td>0.972044</td>\n","      <td>-0.686571</td>\n","      <td>-0.949713</td>\n","      <td>0.265676</td>\n","      <td>-0.265676</td>\n","    </tr>\n","    <tr>\n","      <th>highway-mpg</th>\n","      <td>0.020344</td>\n","      <td>0.036233</td>\n","      <td>-0.181877</td>\n","      <td>-0.543304</td>\n","      <td>-0.698142</td>\n","      <td>-0.680635</td>\n","      <td>-0.104812</td>\n","      <td>-0.794889</td>\n","      <td>-0.679571</td>\n","      <td>-0.591309</td>\n","      <td>-0.035201</td>\n","      <td>0.268465</td>\n","      <td>-0.804575</td>\n","      <td>-0.058598</td>\n","      <td>0.972044</td>\n","      <td>1.000000</td>\n","      <td>-0.704692</td>\n","      <td>-0.930028</td>\n","      <td>0.198690</td>\n","      <td>-0.198690</td>\n","    </tr>\n","    <tr>\n","      <th>price</th>\n","      <td>-0.118214</td>\n","      <td>-0.082391</td>\n","      <td>0.133999</td>\n","      <td>0.584642</td>\n","      <td>0.690628</td>\n","      <td>0.751265</td>\n","      <td>0.135486</td>\n","      <td>0.834415</td>\n","      <td>0.872335</td>\n","      <td>0.543155</td>\n","      <td>0.082310</td>\n","      <td>0.071107</td>\n","      <td>0.809575</td>\n","      <td>-0.101616</td>\n","      <td>-0.686571</td>\n","      <td>-0.704692</td>\n","      <td>1.000000</td>\n","      <td>0.789898</td>\n","      <td>0.110326</td>\n","      <td>-0.110326</td>\n","    </tr>\n","    <tr>\n","      <th>city-L/100km</th>\n","      <td>-0.099157</td>\n","      <td>0.066171</td>\n","      <td>0.238567</td>\n","      <td>0.476153</td>\n","      <td>0.657373</td>\n","      <td>0.673363</td>\n","      <td>0.003811</td>\n","      <td>0.785353</td>\n","      <td>0.745059</td>\n","      <td>0.554610</td>\n","      <td>0.037300</td>\n","      <td>-0.299372</td>\n","      <td>0.889488</td>\n","      <td>0.115830</td>\n","      <td>-0.949713</td>\n","      <td>-0.930028</td>\n","      <td>0.789898</td>\n","      <td>1.000000</td>\n","      <td>-0.241282</td>\n","      <td>0.241282</td>\n","    </tr>\n","    <tr>\n","      <th>diesel</th>\n","      <td>0.121454</td>\n","      <td>-0.196735</td>\n","      <td>-0.101546</td>\n","      <td>0.307237</td>\n","      <td>0.211187</td>\n","      <td>0.244356</td>\n","      <td>0.281578</td>\n","      <td>0.221046</td>\n","      <td>0.070779</td>\n","      <td>0.054458</td>\n","      <td>0.241303</td>\n","      <td>0.985231</td>\n","      <td>-0.169053</td>\n","      <td>-0.475812</td>\n","      <td>0.265676</td>\n","      <td>0.198690</td>\n","      <td>0.110326</td>\n","      <td>-0.241282</td>\n","      <td>1.000000</td>\n","      <td>-1.000000</td>\n","    </tr>\n","    <tr>\n","      <th>gas</th>\n","      <td>-0.121454</td>\n","      <td>0.196735</td>\n","      <td>0.101546</td>\n","      <td>-0.307237</td>\n","      <td>-0.211187</td>\n","      <td>-0.244356</td>\n","      <td>-0.281578</td>\n","      <td>-0.221046</td>\n","      <td>-0.070779</td>\n","      <td>-0.054458</td>\n","      <td>-0.241303</td>\n","      <td>-0.985231</td>\n","      <td>0.169053</td>\n","      <td>0.475812</td>\n","      <td>-0.265676</td>\n","      <td>-0.198690</td>\n","      <td>-0.110326</td>\n","      <td>0.241282</td>\n","      <td>-1.000000</td>\n","      <td>1.000000</td>\n","    </tr>\n","  </tbody>\n","</table>\n","</div>"],"text/plain":["                   Unnamed: 0  symboling  normalized-losses  wheel-base  \\\n","Unnamed: 0           1.000000  -0.162764          -0.241092    0.125517   \n","symboling           -0.162764   1.000000           0.466264   -0.535987   \n","normalized-losses   -0.241092   0.466264           1.000000   -0.056661   \n","wheel-base           0.125517  -0.535987          -0.056661    1.000000   \n","length               0.161848  -0.365404           0.019424    0.876024   \n","width                0.043976  -0.242423           0.086802    0.814507   \n","height               0.252015  -0.550160          -0.373737    0.590742   \n","curb-weight          0.064820  -0.233118           0.099404    0.782097   \n","engine-size         -0.047764  -0.110581           0.112360    0.572027   \n","bore                 0.244734  -0.140019          -0.029862    0.493244   \n","stroke              -0.163636  -0.008245           0.055563    0.158502   \n","compression-ratio    0.144301  -0.182196          -0.114713    0.250313   \n","horsepower          -0.022474   0.075819           0.217299    0.371147   \n","peak-rpm            -0.195662   0.279740           0.239543   -0.360305   \n","city-mpg             0.027956  -0.035527          -0.225016   -0.470606   \n","highway-mpg          0.020344   0.036233          -0.181877   -0.543304   \n","price               -0.118214  -0.082391           0.133999    0.584642   \n","city-L/100km        -0.099157   0.066171           0.238567    0.476153   \n","diesel               0.121454  -0.196735          -0.101546    0.307237   \n","gas                 -0.121454   0.196735           0.101546   -0.307237   \n","\n","                     length     width    height  curb-weight  engine-size  \\\n","Unnamed: 0         0.161848  0.043976  0.252015     0.064820    -0.047764   \n","symboling         -0.365404 -0.242423 -0.550160    -0.233118    -0.110581   \n","normalized-losses  0.019424  0.086802 -0.373737     0.099404     0.112360   \n","wheel-base         0.876024  0.814507  0.590742     0.782097     0.572027   \n","length             1.000000  0.857170  0.492063     0.880665     0.685025   \n","width              0.857170  1.000000  0.306002     0.866201     0.729436   \n","height             0.492063  0.306002  1.000000     0.307581     0.074694   \n","curb-weight        0.880665  0.866201  0.307581     1.000000     0.849072   \n","engine-size        0.685025  0.729436  0.074694     0.849072     1.000000   \n","bore               0.608971  0.544885  0.180449     0.644060     0.572609   \n","stroke             0.124139  0.188829 -0.062704     0.167562     0.209523   \n","compression-ratio  0.159733  0.189867  0.259737     0.156433     0.028889   \n","horsepower         0.579821  0.615077 -0.087027     0.757976     0.822676   \n","peak-rpm          -0.285970 -0.245800 -0.309974    -0.279361    -0.256733   \n","city-mpg          -0.665192 -0.633531 -0.049800    -0.749543    -0.650546   \n","highway-mpg       -0.698142 -0.680635 -0.104812    -0.794889    -0.679571   \n","price              0.690628  0.751265  0.135486     0.834415     0.872335   \n","city-L/100km       0.657373  0.673363  0.003811     0.785353     0.745059   \n","diesel             0.211187  0.244356  0.281578     0.221046     0.070779   \n","gas               -0.211187 -0.244356 -0.281578    -0.221046    -0.070779   \n","\n","                       bore    stroke  compression-ratio  horsepower  \\\n","Unnamed: 0         0.244734 -0.163636           0.144301   -0.022474   \n","symboling         -0.140019 -0.008245          -0.182196    0.075819   \n","normalized-losses -0.029862  0.055563          -0.114713    0.217299   \n","wheel-base         0.493244  0.158502           0.250313    0.371147   \n","length             0.608971  0.124139           0.159733    0.579821   \n","width              0.544885  0.188829           0.189867    0.615077   \n","height             0.180449 -0.062704           0.259737   -0.087027   \n","curb-weight        0.644060  0.167562           0.156433    0.757976   \n","engine-size        0.572609  0.209523           0.028889    0.822676   \n","bore               1.000000 -0.055390           0.001263    0.566936   \n","stroke            -0.055390  1.000000           0.187923    0.098462   \n","compression-ratio  0.001263  0.187923           1.000000   -0.214514   \n","horsepower         0.566936  0.098462          -0.214514    1.000000   \n","peak-rpm          -0.267392 -0.065713          -0.435780    0.107885   \n","city-mpg          -0.582027 -0.034696           0.331425   -0.822214   \n","highway-mpg       -0.591309 -0.035201           0.268465   -0.804575   \n","price              0.543155  0.082310           0.071107    0.809575   \n","city-L/100km       0.554610  0.037300          -0.299372    0.889488   \n","diesel             0.054458  0.241303           0.985231   -0.169053   \n","gas               -0.054458 -0.241303          -0.985231    0.169053   \n","\n","                   peak-rpm  city-mpg  highway-mpg     price  city-L/100km  \\\n","Unnamed: 0        -0.195662  0.027956     0.020344 -0.118214     -0.099157   \n","symboling          0.279740 -0.035527     0.036233 -0.082391      0.066171   \n","normalized-losses  0.239543 -0.225016    -0.181877  0.133999      0.238567   \n","wheel-base        -0.360305 -0.470606    -0.543304  0.584642      0.476153   \n","length            -0.285970 -0.665192    -0.698142  0.690628      0.657373   \n","width             -0.245800 -0.633531    -0.680635  0.751265      0.673363   \n","height            -0.309974 -0.049800    -0.104812  0.135486      0.003811   \n","curb-weight       -0.279361 -0.749543    -0.794889  0.834415      0.785353   \n","engine-size       -0.256733 -0.650546    -0.679571  0.872335      0.745059   \n","bore              -0.267392 -0.582027    -0.591309  0.543155      0.554610   \n","stroke            -0.065713 -0.034696    -0.035201  0.082310      0.037300   \n","compression-ratio -0.435780  0.331425     0.268465  0.071107     -0.299372   \n","horsepower         0.107885 -0.822214    -0.804575  0.809575      0.889488   \n","peak-rpm           1.000000 -0.115413    -0.058598 -0.101616      0.115830   \n","city-mpg          -0.115413  1.000000     0.972044 -0.686571     -0.949713   \n","highway-mpg       -0.058598  0.972044     1.000000 -0.704692     -0.930028   \n","price             -0.101616 -0.686571    -0.704692  1.000000      0.789898   \n","city-L/100km       0.115830 -0.949713    -0.930028  0.789898      1.000000   \n","diesel            -0.475812  0.265676     0.198690  0.110326     -0.241282   \n","gas                0.475812 -0.265676    -0.198690 -0.110326      0.241282   \n","\n","                     diesel       gas  \n","Unnamed: 0         0.121454 -0.121454  \n","symboling         -0.196735  0.196735  \n","normalized-losses -0.101546  0.101546  \n","wheel-base         0.307237 -0.307237  \n","length             0.211187 -0.211187  \n","width              0.244356 -0.244356  \n","height             0.281578 -0.281578  \n","curb-weight        0.221046 -0.221046  \n","engine-size        0.070779 -0.070779  \n","bore               0.054458 -0.054458  \n","stroke             0.241303 -0.241303  \n","compression-ratio  0.985231 -0.985231  \n","horsepower        -0.169053  0.169053  \n","peak-rpm          -0.475812  0.475812  \n","city-mpg           0.265676 -0.265676  \n","highway-mpg        0.198690 -0.198690  \n","price              0.110326 -0.110326  \n","city-L/100km      -0.241282  0.241282  \n","diesel             1.000000 -1.000000  \n","gas               -1.000000  1.000000  "]},"metadata":{"tags":[]},"execution_count":5}]},{"metadata":{"id":"T6vZZMZM_iVk","colab_type":"text"},"cell_type":"markdown","source":["The diagonal elements are always one; we will study correlation more precisely Pearson correlation in-depth at the end of the notebook."]},{"metadata":{"id":"ZcLGuc6J_iVl","colab_type":"text"},"cell_type":"markdown","source":[" <div class=\"alert alert-danger alertdanger\" style=\"margin-top: 20px\">\n","<h1> Question  1: </h1>\n","\n","<b> Find the correlation between the following columns: bore, stroke,compression-ratio , and horsepower.\n","<br>Hint: if you would like to select those columns  use the following syntax: df[['bore','stroke' ,'compression-ratio','horsepower']]</bbr>  </b>\n","</div>"]},{"metadata":{"id":"EkPpFMuo_iVn","colab_type":"code","colab":{"autoexec":{"startup":false,"wait_interval":0},"base_uri":"https://localhost:8080/","height":168},"outputId":"0c1f452b-f068-42f7-eb1b-1be93ddf0bf5","executionInfo":{"status":"ok","timestamp":1530535750243,"user_tz":-330,"elapsed":1019,"user":{"displayName":"SHUBHAM KALE","photoUrl":"//lh3.googleusercontent.com/-tupah6Cj__4/AAAAAAAAAAI/AAAAAAAAAMc/8_2ZrHlnHUU/s50-c-k-no/photo.jpg","userId":"113254355544652088502"}}},"cell_type":"code","source":["df[['bore','stroke' ,'compression-ratio','horsepower']].corr() \n"],"execution_count":6,"outputs":[{"output_type":"execute_result","data":{"text/html":["<div>\n","<style scoped>\n","    .dataframe tbody tr th:only-of-type {\n","        vertical-align: middle;\n","    }\n","\n","    .dataframe tbody tr th {\n","        vertical-align: top;\n","    }\n","\n","    .dataframe thead th {\n","        text-align: right;\n","    }\n","</style>\n","<table border=\"1\" class=\"dataframe\">\n","  <thead>\n","    <tr style=\"text-align: right;\">\n","      <th></th>\n","      <th>bore</th>\n","      <th>stroke</th>\n","      <th>compression-ratio</th>\n","      <th>horsepower</th>\n","    </tr>\n","  </thead>\n","  <tbody>\n","    <tr>\n","      <th>bore</th>\n","      <td>1.000000</td>\n","      <td>-0.055390</td>\n","      <td>0.001263</td>\n","      <td>0.566936</td>\n","    </tr>\n","    <tr>\n","      <th>stroke</th>\n","      <td>-0.055390</td>\n","      <td>1.000000</td>\n","      <td>0.187923</td>\n","      <td>0.098462</td>\n","    </tr>\n","    <tr>\n","      <th>compression-ratio</th>\n","      <td>0.001263</td>\n","      <td>0.187923</td>\n","      <td>1.000000</td>\n","      <td>-0.214514</td>\n","    </tr>\n","    <tr>\n","      <th>horsepower</th>\n","      <td>0.566936</td>\n","      <td>0.098462</td>\n","      <td>-0.214514</td>\n","      <td>1.000000</td>\n","    </tr>\n","  </tbody>\n","</table>\n","</div>"],"text/plain":["                       bore    stroke  compression-ratio  horsepower\n","bore               1.000000 -0.055390           0.001263    0.566936\n","stroke            -0.055390  1.000000           0.187923    0.098462\n","compression-ratio  0.001263  0.187923           1.000000   -0.214514\n","horsepower         0.566936  0.098462          -0.214514    1.000000"]},"metadata":{"tags":[]},"execution_count":6}]},{"metadata":{"id":"Qa3HXrr3_iVr","colab_type":"text"},"cell_type":"markdown","source":["## Continuous numerical variables: \n","\n","Continuous numerical variables are variables that may contain any value within some range. Continuous numerical variables can have the type \"int64\" or \"float64\". A great way to visualize these variables is by using scatterplots with fitted lines. \n","\n","In order to start understanding the (linear) relationship between an individual variable and the price. We can do this by using \"regplot\", which plots the scatterplot plus the fitted regression line for the data."]},{"metadata":{"id":"1AMwF_xp_iVs","colab_type":"text"},"cell_type":"markdown","source":[" Let's see several examples of different linear relationships:"]},{"metadata":{"id":"eTbYIsXA_iVu","colab_type":"text"},"cell_type":"markdown","source":["#### Positive linear relationship"]},{"metadata":{"id":"Fihl2Gc-_iVv","colab_type":"text"},"cell_type":"markdown","source":["Let's find the scatterplot of \"engine-size\" and \"price\" "]},{"metadata":{"id":"KafPn59O_iVw","colab_type":"code","colab":{"autoexec":{"startup":false,"wait_interval":0},"base_uri":"https://localhost:8080/","height":297},"outputId":"81af4dc6-81aa-4bdd-c24d-2ffcf5aa6fad","executionInfo":{"status":"ok","timestamp":1530536206282,"user_tz":-330,"elapsed":1558,"user":{"displayName":"SHUBHAM KALE","photoUrl":"//lh3.googleusercontent.com/-tupah6Cj__4/AAAAAAAAAAI/AAAAAAAAAMc/8_2ZrHlnHUU/s50-c-k-no/photo.jpg","userId":"113254355544652088502"}}},"cell_type":"code","source":["# Engine size as potential predictor variable of price\n","sns.regplot(x=\"engine-size\", y=\"price\", data=df)\n","plt.ylim(0,)"],"execution_count":7,"outputs":[{"output_type":"execute_result","data":{"text/plain":["(0, 56311.84297574674)"]},"metadata":{"tags":[]},"execution_count":7},{"output_type":"display_data","data":{"image/png":"iVBORw0KGgoAAAANSUhEUgAAAY4AAAEGCAYAAABy53LJAAAABHNCSVQICAgIfAhkiAAAAAlwSFlz\nAAALEgAACxIB0t1+/AAAADl0RVh0U29mdHdhcmUAbWF0cGxvdGxpYiB2ZXJzaW9uIDIuMS4yLCBo\ndHRwOi8vbWF0cGxvdGxpYi5vcmcvNQv5yAAAIABJREFUeJztvXl4m9d97/l5sZEguFOUSHGTvOh4\nkeVNayTbsuVNslPfxkk6T9y0STozSdp04nQyz01vezM3yfTmTnpzm5k00zSTpM7Wadq0uU5sy4u8\ny9Zu2bJs60iWJVJcxH0BCRDrO39gIUACIEAC3PD7PA8fEQfv++L8+EL44pzfZpimiSAIgiBki2Wx\nJyAIgiAsL0Q4BEEQhJwQ4RAEQRByQoRDEARByAkRDkEQBCEnbIs9gULT3++Oh43V1JQxPOxZzOkU\nnGKwEYrDzmKwEYrDzuVoY319hZHuuaJacdhs1sWeQsEpBhuhOOwsBhuhOOxcaTYWlXAIgiAI80eE\nQxAEQcgJEQ5BEAQhJ0Q4BEEQhJwQ4RAEQRByQoRDEARByAkRDkEQBCEnRDgEQRCEnBDhEARBEHJC\nhEMQBEGIEw6bjI77Mh6z4mtVCYIgCNnh9QVxe/yEZ2kMK8IhCIJQ5ARDYcYm/PiD4ayOF+EQBEEo\nUkzTZGIyyIQ3wCyLjCREOARBEIqQQDDE6ISfYCgXyYggwiEIglBEhE2TcU8Ajy8452uIcAiCIBQJ\nk/4gY54A4dm837MgwiEIgrDCCYXDjE0E8AVCebmeCIcgCMIKxjMZwO0NYM5vkZGECIcgCMIKJBCM\nhNgGQtmF2OaCCIcgCMIKwjRNxr0BPJPBnEJsc6FgwqGU2g38C/BOdOht4FvAzwAr0AN8UmvtU0o9\nAjwKhIEfaK1/pJSyA48BbUAI+LTW+gOl1I3A3wEmcEpr/flC2SAIgrCc8AVCjE34Cc3T+T0bha5V\n9bLWenf050+BrwPf01rfBrwPfEYp5QK+CtwN7Aa+pJSqBT4BjGitdwF/BXwzes3vAF/UWu8EqpRS\newtsgyAIwpImVl9q2O0ruGjAwhc53A38Jvr7b4mIxTbgmNZ6VGvtBV4DdgJ7gF9Hjz0A7FRKOYD1\nWutj064hCIJQlHh9QQZGvXj9+YmYyoZC+ziuU0r9BqgFvga4tNaxsot9QCPQAPQnnDNjXGsdVkqZ\n0bHhFMempaamDJvNGn9cX18xH3uWBcVgIxSHncVgIxSHnfm2MRAMMzruw4pBdYk9r9eejUIKxzki\nYvHPwBXAi9Nez0hzXi7j6Y6NMzzsif9eX19Bf797tlOWNcVgIxSHncVgIxSHnfm0ca71pXKlqb48\n7XMFEw6tdRfwy+jD80qpy8AWpZ